camera_matrix:
- - 792
  - 0.0
  - 540
- - 0.0
  - 792
  - 540
- - 0.0
  - 0.0
  - 1.0
dist_coeff:
- - 0.026600873981832644
  - -0.04995189389690793
  - 0.0017449581567056426
  - -1.0886776606053462e-06
  - 0.03184294733799281
