Webots Project File version R2023a
perspectives: 000000ff00000000fd00000002000000010000021400000178fc0200000001fb0000001400540065007800740045006400690074006f00720100000016000001780000004100ffffff00000003000005560000013cfc0100000001fb0000001a0043006f006e0073006f006c00650041006c006c0041006c006c0100000000000005560000006900ffffff000003400000017800000001000000020000000100000008fc00000000
simulationViewPerspectives: 000000ff0000000100000002000000fd000002410100000002010000000100
sceneTreePerspectives: 000000ff00000001000000030000001e0000013b000000fa0100000002010000000200
maximizedDockId: -1
centralWidgetVisible: 1
orthographicViewHeight: 1
textFiles: -1
consoles: Console:All:All
renderingDevicePerspectives: Pioneer 3-DX:camera;0;0.436111;0;0
renderingDevicePerspectives: Pioneer 3-DX:front camera;1;0.436111;0;2.98023e-07
